134.777
138.284
153.194
84.879
34.5612
70.5341
132.907
61.0317
124.102
86.6453
47.0153
24.8689
136.455
94.9883
79.6851
123.992
162.444
153.889
123.913
17.6015
94.3055
171.937
130.271
64.5768
66.8251
65.2113
71.2764
49.707
84.0057
109.934
33.4087
92.8432
115.377
116.664
131.072
96.3433
30.1032
81.1881
137.901
133.251
85.7604
93.649
140.468
135.635
130.237
88.5888
73.4408
6.02535
110.001
46.9483
64.7209
27.3173
105.001
129.457
127.438
61.0678
58.378
154.991
92.6332
70.383
65.9882
23.4988
81.6931
114.369
148.414
104.298
49.2483
41.4635
61.851
113.951
48.0153
31.8312
115.68
51.6062
73.522
130.181
49.6038
166.439
90.8021
43.5864
64.0131
103.248
105.313
86.6299
50.0982
52.6278
49.6242
158.434
49.6882
35.9949
116.907
117.862
44.6469
64.9569
100.953
74.5178
107.829
83.9467
111.59
57.1649
75.611
51.9912
55.6924
123.596
46.8859
159.802
71.739
86.8715
83.0103
81.0447
102.599
89.1318
59.3927
130.302
147.576
80.4589
125.861
37.9504
53.4291
133.407
88.7298
41.1402
86.835
144.99
97.0274
146.626
84.2754
138.044
86.4497
86.3747
123.806
23.3311
65.1627
147.386
79.5655
118.521
98.9132
33.4851
98.408
117.31
146.835
149.783
130.168
70.9868
49.1846
124.388
67.0722
109.855
46.4429
52.7427
79.8774
45.363
122.913
109.537
121.501
51.4746
35.5862
29.3135
128.44
54.5524
124.35
46.9215
49.8928
99.5867
30.7806
29.1014
130.12
165.305
77.2732
42.4422
79.4651
88.4402
96.2279
154.132
66.3072
120.217
132.588
101.178
78.8401
123.61
76.3733
100.33
102.733
32.459
98.997
73.5698
62.8725
128.775
114.422
123.388
114.98
88.6318
58.2286
74.7871
106.288
139.649
17.2987
49.3806
45.0741
29.4206
117.409
108.41
95.8905
157.033
128.253
127.114
161.208
86.1507
98.5932
122.237
135.001
121.972
68.3873
142.728
104.659
90.3078
57.9604
126.056
20.217
91.5332
30.8794
79.5696
53.535
132.971
97.8942
135.53
63.8388
118.249
79.1562
111.445
12.7792
114.858
90.7506
163.14
92.1698
105.478
91.59
131.485
93.0436
109.159
72.1141
83.4051
105.546
62.1368
97.4882
170.984
136.75
35.036
105.774
119.837
84.9855
108.775
119.075
23.2736
32.0349
64.554
132.04
138.023
97.1115
95.1615
145.57
89.1233
67.7364
64.5364
30.2726
119.837
107.689
59.5983
56.3424
137.573
88.0975
62.111
26.1558
159.433
98.5893
118.905
77.5642
111.197
60.7947
133.069
73.5624
164.398
99.4946
154.142
64.3906
95.4448
66.2686
48.0763
93.6242
117.661
99.9289
35.5987
56.5444
36.3694
56.8679
109.078
121.269
49.7774
43.2452
120.475
156.859
116.91
50.564
116.879
91.8716
87.9114
166.176
79.0663
127.86
65.2853
69.5535
123.271
62.1354
65.7708
45.9979
39.3816
119.574
73.9657
122.158
131.323
81.2849
20.9492
75.0073
91.2515
116.151
116.765
31.4064
59.4173
175.895
77.0848
104.724
109.206
157.775
137.311
109.856
120.923
175.824
108.515
150.428
100.656
131.624
121.992
124.775
37.624
70.3075
143.485
77.3126
64.1913
120.7
114.7
77.4477
171.144
127.47
119.595
130.285
26.2765
131.025
96.4622
69.0512
117.223
88.0938
161.379
172.251
28.1208
170.006
56.9498
110.834
104.006
103.772
102.192
115.66
54.6187
47.078
99.0461
54.2748
71.3884
39.0092
119.413
90.2574
72.4168
95.9503
85.7312
29.9467
142.678
97.4407
131.415
111.875
120.378
92.7161
125.316
57.6891
93.7957
121.343
149.546
72.369
80.9432
139.243
103.479
165.51
79.7893
131.5
99.7427
43.5997
86.4393
20.218
73.8626
75.7199
119.793
123.911
74.1998
143.8
151.578
97.7479
123.023
110.502
41.3666
109.554
89.3689
144.75
92.7408
106.703
152.065
145.102
118.06
114.889
156.037
77.4665
107.126
75.3322
76.4465
98.5298
103.89
130.046
116.996
141.036
119.561
91.7234
144.77
152.852
53.2388
109.35
53.9406
94.9679
121.313
140.287
110.219
81.8462
125.789
97.9559
59.8948
146.102
97.7953
65.1964
85.9235
47.1572
84.3439
102.561
127.043
54.8271
35.6965
157.63
117.992
92.2277
148.807
91.8373
60.7601
122.175
145.536
62.4959
28.9527
29.1102
94.9161
159.922
27.9304
51.2295
81.9396
95.5107
153.781
59.4974
36.5164
121.042
74.4156
138.69
137.898
114.429
89.6695
125.335
81.2294
108.472
114.215
80.2371
134.38
23.6929
42.9666
161.597
106.298
113.144
120.269
125.762
78.4078
73.3036
87.4756
143.824
34.6444
138.389
85.203
79.69
148.867
94.956
86.0841
118.463
155.222
132.24
49.8794
33.4829
94.6102
54.2967
109.713
18.2084
58.8981
150.512
73.7051
132.566
130.112
142.939
66.2497
119.181
113.491
133.315
57.2965
51.4529
160.045
138.813
30.4157
116.481
129.825
58.959
79.6212
70.8641
17.6734
18.053
12.3369
123.826
79.3253
57.7049
93.5321
87.2593
93.3352
164.756
72.9697
93.6278
82.8276
12.7309
133.249
93.2777
52.2803
94.1025
11.2748
102.372
94.2738
116.508
161.15
38.3405
109.794
89.4504
105.152
66.0856
71.0834
95.1077
161.522
113.109
151.741
143.878
161.512
51.7782
146.296
119.245
44.7092
47.4
53.6856
100.298
145.477
112.692
125.432
74.2071
110.614
87.6923
55.7857
52.8559
57.9437
134.502
90.2272
110.641
82.5229
22.0037
142.022
145.274
111.158
97.0008
81.1178
121.488
144.335
102.034
27.0009
82.9977
140.325
121.414
151.232
84.4495
110.233
56.1579
169.332
72.438
109.421
64.0583
44.722
130.764
146.274
146.897
121.793
22.7094
102.717
56.4752
97.8838
34.3444
84.0902
77.9709
15.2058
100.597
115.646
119.274
138.088
127.801
126.021
99.1172
132.058
132.079
77.9912
77.4276
128.188
105.278
105.697
81.5411
121.028
155.08
52.6196
86.5867
146.611
123.771
113.755
108.353
164.981
164.318
78.3654
33.8956
168.37
134.13
81.5892
93.3549
91.6084
45.9225
121.834
88.7703
147.555
69.5063
29.0564
138.001
110.039
132.595
66.7749
66.6144
89.989
25.4747
60.247
49.6115
119.443
19.6453
111.783
53.809
22.4329
95.3462
172.83
50.6889
49.9375
64.6432
98.9549
42.6523
86.469
129.03
143.905
2.74748
55.788
156.142
124.079
117.165
129.006
99.5812
34.3957
55.1688
146.202
62.5645
112.777
22.2586
117.164
146.061
106.234
129.882
113.375
123.266
40.3594
116.21
68.5456
121.375
72.8986
50.0307
53.902
75.3585
58.0632
12.4727
69.9507
139.57
32.7472
60.1202
13.6689
162.826
30.9777
33.5883
24.6657
135.457
87.7121
109.017
122.031
101.833
116.424
141.312
81.2253
75.9768
108.616
68.9992
64.4768
133.564
77.8839
92.5963
128.322
91.946
85.3193
77.122
25.2609
47.0567
176.536
149.084
83.7779
90.2316
76.3474
82.2187
152.326
126.881
52.7264
94.8368
11.6132
76.7838
157.865
150.216
121.96
139.363
152.173
117.98
66.5294
37.0795
37.1501
121.869
69.4778
101.726
101.947
124.046
76.9804
87.7146
158.143
106.361
113.199
90.916
58.4818
55.3874
92.1539
28.4857
66.3325
126.984
123.779
169.045
86.2999
50.6953
59.5423
52.2293
47.9881
41.2669
69.8156
74.479
103.991
61.8644
73.8762
47.0311
14.381
27.7698
114.407
33.3214
16.1949
120.743
39.4413
56.5019
107.478
78.8109
53.7935
51.1572
121.928
108.515
106.154
111.201
38.4535
60.6869
143.147
96.4428
112.343
79.0602
111.031
149.109
98.7532
74.0262
48.9294
105.97
99.2749
24.9569
15.1584
43.0256
137.457
91.834
120.403
13.819
172.608
96.2662
150.59
24.0504
99.8859
92.1249
111.312
114.971
166.657
83.5992
40.7842
128.588
84.6486
63.9107
125.252
83.0685
40.7979
145.913
124.919
85.9207
54.4464
145.034
51.4386
123.258
77.6125
98.3253
134.147
66.6081
145.075
66.7929
131.653
143.74
101.373
132.826
147.402
135.671
148.003
96.4253
90.8359
130.137
123.511
123.235
49.426
135.767
26.355
94.0853
60.0769
86.4414
51.2989
65.1097
149.95
60.5803
65.614
124.87
26.4093
70.1415
115.739
60.5325
130.363
121.006
90.0478
107.277
57.4473
27.2613
141.954
94.5344
74.7798
145.934
58.6813
128.748
110.317
94.4037
90.3321
131.736
50.5826
102.826
59.1369
75.4727
50.0084
78.3222
74.759
76.543
35.0348
123.38
125
7.90671
108.52
152.255
44.871
73.9086
129.81
96.2241
148.512
84.9778
86.4505
61.8708
44.3609
61.7025
92.8204
109.918
95.8505
74.4762
41.5532
67.5681
109.643
96.3925
77.262
67.6169
134.345
57.6601
106.605
142.892
119.088
81.6144
134.027
59.9851
59.8933
70.9646
73.9595
69.7728
37.6803
110.876
67.7612
95.0151
116.297
79.2845
3.30153
31.2924
142.264
113.897
87.0238
127.132
123.291
11.7808
122.198
90.284
5.24892
127.808
92.2146
159.765
87.3278
142.122
119.413
20.3509
74.8454
65.1479
87.7153